2 0.2054459212962963 0.25974025925925925 0.2054459212962963 0.2711574143518518 0.20576298842592594 0.28209885416666663 0.20608005324074075 0.2992245833333333 0.2086165787037037 0.3101660231481482 0.21432376157407407 0.32110746296296294 0.2225674722222222 0.32681604166666667 0.2225674722222222 0.3120688819444445 0.22034801157407408 0.3006517291666667 0.2206650763888889 0.27829313657407406 0.22446986574074076 0.26069168981481483 0.22605519444444444 0.24404167129629628 0.23398183796296296 0.24689596064814814 0.2377866273148148 0.23785738194444445 0.2377866273148148 0.22644022685185183 0.23746956018518517 0.21216878472222223 0.23049411574074075 0.2031302037037037 0.22795758796296295 0.18933447453703703 0.23207944444444445 0.17649017592592595 0.22764052314814814 0.15365586805555556 0.21971387962962965 0.14414157407407407 0.21654322222222222 0.13890871064814816 0.21305549768518517 0.1508015787037037 0.21115310416666666 0.16317016435185183 0.20956777546296296 0.17411160416666666 0.21749441898148147 0.18838304629629632 0.20956777546296296 0.20265448842592593 0.2086165787037037 0.2140716412037037 0.20512885416666668 0.2407116712962963 0.2054459212962963 0.25974025925925925
2 0.23049411574074075 0.2740117037037037 0.2317623773148148 0.28400171296296295 0.23842075925925924 0.28209885416666663 0.24476207407407408 0.2754388472222222 0.2422255486111111 0.25831311574074073 0.2342989050925926 0.2664002662037037 0.23049411574074075 0.2740117037037037
2 0.24920099305555557 0.3106417384259259 0.24603033796296295 0.3020788726851852 0.23810369444444443 0.3101660231481482 0.23239650925925925 0.32348603703703704 0.23081118055555555 0.33490319212962966 0.2314453125 0.3448932013888889 0.2362012986111111 0.3425146273148148 0.24761566666666665 0.33490319212962966 0.25173752083333334 0.32158317824074073 0.24920099305555557 0.3106417384259259
2 0.2698102685185185 0.33490319212962966 0.2698102685185185 0.3296703287037037 0.26156656018518515 0.31777746064814816 0.2542740462962963 0.32538889583333336 0.25649350694444445 0.33490319212962966 0.25649350694444445 0.3486989212962963 0.25998122916666666 0.37058180092592596 0.2641030833333333 0.3601160740740741 0.2641030833333333 0.3482232037037037 0.2698102685185185 0.33490319212962966
2 0.2736150555555556 0.38675610185185183 0.26727374305555557 0.3800960949074074 0.2641030833333333 0.3910375347222222 0.2707614652777778 0.3967461111111111 0.2736150555555556 0.38675610185185183
2 0.053888493055555556 0.4319490023148148 0.043425324074074075 0.4343275763888889 0.04596184953703704 0.45192902314814815 0.04754718055555556 0.46287046296296297 0.05135196990740741 0.4700061851851852 0.05579088888888889 0.46429760879629633 0.057376217592592586 0.44955044907407404 0.057376217592592586 0.4348032916666667 0.053888493055555556 0.4319490023148148
2 0.09066812037037036 0.4709576134259259 0.07481483333333333 0.45335616666666667 0.06910765046296297 0.44384187268518516 0.06974178240740742 0.4557347407407408 0.07037591203703704 0.4742876180555555 0.07069297916666667 0.48998620370370366 0.07101004398148147 0.4975976412037037 0.07418070138888888 0.5004519305555556 0.08876572685185186 0.49284049305555555 0.09510704166666667 0.48760763194444445 0.09066812037037036 0.4709576134259259
2 0.31007761805555556 0.7492507500000001 0.31198001157407407 0.7578136134259259 0.31610186805555557 0.7611436180555556 0.32307731481481483 0.7611436180555556 0.3214919837962963 0.7673279097222222 0.3167359976851852 0.7739879166666667 0.314516537037037 0.7873079305555556 0.3195895902777778 0.7939679374999999 0.3240285115740741 0.7934922222222222 0.3300527592592593 0.7939679374999999 0.3357599444444444 0.7882593587962964 0.343686587962963 0.7896865046296296 0.34622311342592593 0.7830264976851852 0.3487596388888889 0.7720850578703704 0.35002790046296295 0.7606679027777778 0.3478084398148148 0.752105037037037 0.34210125694444443 0.7335521620370371 0.338930599537037 0.7216592939814815 0.3341746134259259 0.707387849537037 0.33036982407407406 0.7016792731481482 0.32846743055555555 0.7078635648148148 0.32307731481481483 0.7092907083333334 0.3154677361111111 0.7078635648148148 0.3126141435185185 0.7169021458333333 0.31356534027777777 0.7278435856481481 0.31483360416666667 0.7335521620370371 0.31388240740740736 0.7378335949074075 0.31007761805555556 0.7492507500000001
2 0.34907670370370375 0.7078635648148148 0.35097909953703704 0.7188050046296296 0.3525644282407407 0.7249892962962963 0.3516132291666667 0.7140478587962963 0.34907670370370375 0.7078635648148148
2 0.35605215046296296 0.7197564351851852 0.3538326898148148 0.7145235717592593 0.3516132291666667 0.7202321481481482 0.35478388657407406 0.7268921550925925 0.35605215046296296 0.7197564351851852
2 0.6477526365740741 0.7435421712962963 0.6499720995370369 0.752105037037037 0.6509232962962963 0.7630464791666667 0.6604352685185185 0.7706579143518518 0.6642400555555555 0.7787450648148148 0.6731178981481482 0.7796964930555556 0.6873858564814815 0.783977925925926 0.7007026180555556 0.7887350740740741 0.7035562083333333 0.7849293564814814 0.7045074074074074 0.7692307685185185 0.7060927361111111 0.7582893287037037 0.7102145902777778 0.7435421712962963 0.7133852476851852 0.7397364537037037 0.7162388379629631 0.7230864375 0.7117999189814815 0.7192807175925926 0.7007026180555556 0.7197564351851852 0.6921418425925926 0.7135721412037037 0.6899223819444444 0.706912136574074 0.6946783680555555 0.6959706944444444 0.6908735787037037 0.6874078287037036 0.6823128055555556 0.67836925 0.6769226851851853 0.6793206805555556 0.6740690949074074 0.6816992523148149 0.6721666990740741 0.6950192662037038 0.6728008310185186 0.7012035578703704 0.6728008310185186 0.7154750023148148 0.6693131087962962 0.7254650115740741 0.6664595162037037 0.731173587962963 0.6572646111111111 0.7402121689814815 0.6477526365740741 0.7435421712962963
2 0.8262606527777777 0.2911374351851852 0.8205534699074074 0.2849531412037037 0.8078708402777778 0.2825745694444444 0.7961394074074074 0.2887588587962963 0.7863103680555555 0.2977974398148148 0.7878956990740741 0.3111174537037037 0.7897980925925926 0.32015603472222226 0.7793349236111111 0.3296703287037037 0.7655029305555556 0.3420329675925926 0.7456665023148148 0.3569139189814815 0.7471923819444444 0.3798076921296296 0.7471923819444444 0.401556775462963 0.754058837962963 0.40956959722222225 0.7510070787037038 0.4439102569444444 0.7464294444444444 0.464514650462963 0.7349853518518518 0.5080128194444444 0.7426147476851852 0.5389194143518519 0.7494812013888889 0.5572344328703704 0.7532958981481482 0.5686813194444444 0.7555847175925926 0.6053113541666667 0.7548217777777778 0.6316391944444445 0.754058837962963 0.660256412037037 0.7555847175925926 0.6705586087962963 0.7563476574074074 0.6854395601851851 0.7647399907407407 0.7014652013888889 0.7662658680555556 0.7266483518518518 0.7761840810185185 0.7071886458333333 0.7952575694444444 0.6591117222222223 0.7670288101851852 0.6213369976851851 0.7647399907407407 0.5961538472222222 0.7639770509259259 0.5618131875 0.7662658680555556 0.535485349537037 0.7822875972222222 0.5194597060185185 0.8013610833333333 0.5240384606481482 0.7868652337962962 0.5125915740740741 0.7799987800925926 0.49427655555555555 0.8059387199074074 0.4690934074074074 0.8143310555555556 0.47023809490740737 0.8349304212962962 0.4782509166666667 0.8494262685185185 0.49084249074074077 0.856292724537037 0.5114468865740741 0.8555297847222222 0.48969780092592596 0.851715087962963 0.46794871759259254 0.8585815439814815 0.44848901157407406 0.8608703611111111 0.42673992592592597 0.8425598148148148 0.41300366203703703 0.8425598148148148 0.3923992662037037 0.841796875 0.3798076921296296 0.8448486319444444 0.3649267407407407 0.8532409675925926 0.33630952314814816 0.8654479976851852 0.3225732592592593 0.8524780277777778 0.32028388194444446 0.8486633287037038 0.29281135416666665 0.8486633287037038 0.27220695833333336 0.8506747152777777 0.24832310648148148 0.8427480717592593 0.2478473912037037 0.8383091504629631 0.2507016805555556 0.8357726273148147 0.25498311342592594 0.8360896921296296 0.27210884490740744 0.837040888888889 0.2754388472222222 0.8326019699074074 0.28400171296296295 0.8297483773148149 0.2949431527777778 0.8262606527777777 0.2911374351851852
2 0.8662109375 0.7804487175925926 0.8700256342592593 0.7529761898148147 0.8822326666666667 0.736950550925926 0.8608703611111111 0.7209249074074073 0.8776550300925926 0.7117674004629629 0.880706787037037 0.6900183148148149 0.8540039074074074 0.6831501828703703 0.8433227523148148 0.6671245416666667 0.827301025462963 0.6453754583333333 0.8181457523148148 0.673992673611111 0.8150939930555556 0.700320511574074 0.8143310555555556 0.7186355324074074 0.8326416018518518 0.7449633703703704 0.8372192384259259 0.7598443217592593 0.8509521481481482 0.7770146504629629 0.8608703611111111 0.7918956041666667 0.8662109375 0.7804487175925926
2 0.8822326666666667 0.6373626365740741 0.880706787037037 0.6614010995370371 0.8883361805555556 0.6648351643518519 0.900543212962963 0.6373626365740741 0.9234313958333333 0.6213369976851851 0.9501342777777778 0.6201923078703703 0.9821777337962962 0.6167582430555556 0.998199462962963 0.6110347986111111 0.9989624027777778 0.5824175833333334 0.9890441898148148 0.5515109884259259 0.9692077638888889 0.526327837962963 0.9852294930555556 0.5240384606481482 0.9615783680555556 0.5183150185185186 0.9379272476851852 0.5240384606481482 0.9348754884259259 0.5320512824074074 0.9653930648148148 0.5641025648148148 0.9447937013888889 0.588141025462963 0.9203796388888889 0.6007325995370371 0.8913879398148148 0.6053113541666667 0.8822326666666667 0.6373626365740741